-0.539027274 -0.231476307 1.714828610
0.265705585 -0.071574077 0.832364261
0.214622051 -0.212467477 0.976081192
-0.659710050 -0.049318716 1.800356507
-0.237872332 0.005747105 0.834669054
0.185902178 -0.007157105 0.685850024
0.114778168 -0.052147958 0.795239925
0.134771213 0.022865910 0.719836831
-0.071288772 -0.034108765 0.819105566
-0.197228700 0.074153438 0.761580884
0.022897581 0.047772884 0.704467475
0.213062301 -0.087252073 0.832045972
-0.267207563 -0.147994190 1.067748904
0.254088789 -0.037744809 0.817199290
0.256239891 -0.048112411 0.846317053
-0.667997420 -0.448900282 2.054491282
-0.386401325 -0.166728884 1.164074421
-0.608272791 -0.265922070 1.748205066
-0.212963551 0.219314978 0.924377918
0.061381601 0.055286456 0.684956849
-0.230782822 0.078957595 0.873630345
-0.222638398 0.266844034 1.026827335
-0.227805614 0.214355290 0.953362226
0.052927755 -0.055729493 0.819569170
0.042536501 -0.020397613 0.780286133
0.259370595 -0.024160482 0.734402895
-0.625146925 -0.379847765 1.881881356
0.146315530 -0.007156311 0.750455976
0.340229750 -0.209251851 0.938651502
-0.279789209 0.259206116 0.835298479
0.191568077 -0.171257675 0.925405443
-0.027244531 -0.021467205 0.794421732
0.195574984 -0.083075620 0.966320932
-0.283100545 0.139027148 1.133855224
0.267436594 -0.153597564 0.883625329
0.025254151 0.059404153 0.873591602
-0.200636551 0.218180850 0.894275129
-0.345873117 -0.116717421 1.213809490
-0.210721210 0.093740925 0.837077677
-0.251136988 -0.070439979 1.061929822
-0.298104465 0.017064331 1.022927403
0.096299849 0.010520476 0.734114051
0.221596077 -0.106136419 0.819384694
0.174446478 0.168691471 0.561282218
-0.208118841 0.248698637 0.960609257
-0.195182458 0.323630095 1.066612363
0.282593101 0.032472316 0.708258390
-0.343494087 0.119845308 1.058210969
-0.252293140 0.028272832 0.857174337
0.279977709 -0.028795062 0.799295306
-0.357094288 0.156377196 1.017635107
0.119028121 0.004109958 0.737449944
0.154446408 0.014079744 0.726566494
0.049784265 0.038133137 0.703126788
-0.180472612 0.061230060 0.688005269
0.231415287 -0.230715603 0.988576353
0.137766361 -0.122544795 0.873288989
-0.305870116 0.088390604 0.968226671
0.032370299 0.014237692 0.743368864
0.097667575 0.068274707 0.662032545
0.136466473 0.076871000 0.651128352
0.152683794 0.013296325 0.724150062
-0.376548856 0.260888815 1.169521093
0.263724387 -0.149547905 0.908995986
-0.047971454 0.127538383 0.754801810
-0.206132501 0.123347268 0.870028555
0.085334688 -0.005968552 0.755808234
-0.316969305 0.096077986 1.165883660
0.213009283 -0.209794790 0.966495574
-0.220847964 0.012079033 0.750119984
0.295440555 -0.112396710 0.785014987
0.061060123 0.053805649 0.680806577
-0.376840383 0.342200696 1.456362367
-0.225813821 0.212880060 0.946251035
-0.302816510 -0.086844712 1.265227675
-0.224936053 -0.005213599 0.772007763
0.100350447 -0.076761812 0.831149578
0.012334333 -0.008946666 0.765121877
0.145474166 -0.007555927 0.745822847
0.254163146 -0.122423671 0.842933476
-0.486191422 -0.193376705 1.438452601
-0.324209422 0.125654787 0.985060275
0.050775055 0.039671559 0.708442211
-0.234368637 0.235309824 0.866223037
0.102720335 -0.018689713 0.764550984
-0.189445823 -0.034780424 0.857166469
0.264173865 -0.068324320 0.800307572
0.189613774 -0.170331895 0.920792103
-0.043569069 0.108761109 0.666772842
0.284541160 0.031159302 0.716712534
0.057520922 0.139518142 0.617798090
0.190038100 -0.170773789 0.924825430
-0.011264859 0.001294524 0.765976548
0.211008281 -0.189583540 0.953572690
-0.019871337 0.100405291 0.626094699
0.086852871 -0.005820553 0.754567504
0.054529198 -0.055905599 0.811859250
0.264087290 -0.014110173 0.739255130
0.240594357 -0.059167694 0.783814728
0.240551785 -0.132284671 0.869202077
-0.311839253 -0.135859206 1.261003613
-0.069956414 -0.034666725 0.821273088
-0.245781660 -0.004417296 0.867478132
-0.417256683 0.084888935 1.339285254
0.139463902 -0.122176886 0.880135238
-0.498821110 -0.003049007 1.600143552
0.203020990 0.136224821 0.565104127
0.203369379 0.046767097 0.681863070
0.167761147 -0.016414637 0.759563029
0.132857978 0.019740859 0.712489843
0.118083097 0.005276634 0.734212577
0.217049226 -0.105289832 0.826800644
0.100350656 -0.075433992 0.832325220
-0.190523878 0.226394266 0.964897990
0.033704855 0.013710089 0.737996757
-0.399313658 -0.152646437 1.429446220
0.293335170 -0.104162619 0.829324901
0.054583844 0.040412821 0.722064376
0.109736323 -0.053375944 0.797585011
0.099924013 -0.019747427 0.766081393
0.145705432 -0.007620659 0.739821911
0.215632811 -0.087664776 0.834863901
-0.305499852 -0.124375075 1.214968562
-0.356546491 -0.138313130 1.273674488
-0.024113385 -0.020586833 0.790934563
-0.011668080 -0.001764650 0.756786585
-0.232985988 -0.000843567 0.818918347
-0.314272910 -0.088944420 1.289529800
0.260185778 -0.064116016 0.781305850
-0.142169550 0.174022451 0.733025432
0.135511637 -0.119181633 0.865762353
0.193757772 -0.169535264 0.928798378
0.088036254 -0.006100187 0.755490541
0.207640693 -0.153977364 0.902548194
0.099551961 -0.040073425 0.791939497
0.035053086 0.031569246 0.695969164
0.025584143 0.047973141 0.699706733
0.235686690 0.054643549 0.666175544
0.134467632 0.191276520 0.513190567
0.321757317 -0.002682210 0.722299337
0.219708920 0.153849915 0.571520984
0.137052163 0.077335216 0.652483821
0.313176990 0.011185976 0.714391470
0.026830476 0.184679285 0.521245480
-0.195084721 -0.312644422 1.261929512
0.061731584 -0.032873102 0.779258370
0.051731087 0.087780803 0.640378535
0.286784023 0.025275251 0.681524217
-0.145995811 0.274933755 0.824968576
0.220167965 0.154245436 0.572907865
-0.202285588 0.238995790 0.858914852
0.236657917 -0.130773261 0.745025873
0.241313115 0.130461976 0.575256050
-0.265711784 0.253403723 0.841646016
-0.103839368 0.152808160 0.533275008
0.176886305 0.175355688 0.550818980
0.323831201 -0.011526437 0.726905346
0.313272029 0.010864533 0.711874187
0.312786698 -0.122368559 0.836653054
0.278370321 0.030118341 0.695062339
0.211613640 -0.086962409 0.823905766
-0.188876227 0.279104829 0.896972775
-0.133515000 0.220590949 0.741344571
0.084658951 0.047753841 0.693542838
0.303554863 -0.061168730 0.784377575
0.129211560 0.203353360 0.604545474
0.128715441 0.160445228 0.504316092
0.172856644 0.166795939 0.559577703
0.093221322 0.066166073 0.656556845
0.290493965 -0.055315681 0.737939537
-0.342898458 0.120740652 1.055529118
-0.200136542 0.237777233 0.852535546
0.193825051 0.044513427 0.654984057
-0.028629508 0.123556688 0.642267942
-0.372248441 0.142326683 1.071616888
-0.386407256 -0.235620722 1.173768163
0.151584759 0.012529991 0.719962418
0.238236040 -0.215087563 0.967729926
-0.388001233 0.170258597 1.105642676
-0.194920883 0.256780416 0.897060871
0.198600054 0.172085717 0.532283485
0.130144447 0.218328863 0.485689104
0.168591902 0.192422390 0.517142057
0.165820912 -0.014992318 0.753064752
0.084806547 0.048328094 0.693787396
-0.787581861 -0.348580092 2.314090967
-0.292611539 0.203551203 0.938379228
0.243218288 -0.056701746 0.789054394
-0.377315491 0.170354724 1.121616960
-0.324429035 0.278638035 0.942530036
0.135348141 0.196449399 0.535490990
0.332757682 -0.012729176 0.748601377
0.302094400 0.081162728 0.608367443
0.135052130 0.192205265 0.518617272
-0.348839521 -0.533027411 1.782123804
-0.013157983 -0.360321939 1.198862314
0.249616638 -0.067463674 0.774471462
-0.142816275 -0.341371506 1.279789090
-0.024964243 0.132822245 0.614955544
0.245450437 -0.067720525 0.766983986
0.349143773 -0.029997448 0.757856965
0.084154963 0.049445763 0.689307988
-0.353975534 0.077091038 1.144142032
0.199440137 0.172405750 0.536240160
0.353986800 -0.043716300 0.758959413
0.100492269 0.014244477 0.712786138
-0.300539792 -0.131103605 1.218223453
0.242698565 0.131145835 0.577921748
0.239010379 -0.059412960 0.783624589
0.289271623 -0.107294999 0.844559073
0.049326912 0.028706415 0.721442699
0.025808726 0.187640190 0.535162032
0.144549355 0.011870830 0.707441628
-0.287431657 0.161762312 0.896174669
-0.016273845 0.104080148 0.640560448
0.300308794 -0.055496205 0.768375874
0.087516837 0.011577648 0.729578972
-0.377823710 0.147929788 1.361336350
0.206967607 -0.153596967 0.902686059
-0.221049204 0.306000084 0.880570889
0.197780818 0.171319813 0.537179410
-0.201312706 0.327411413 0.961419821
0.289243639 0.028770013 0.687354743
0.259652913 0.030535407 0.826423883
0.060101345 -0.033941101 0.795048535
-0.296539426 0.215583190 0.938139856
-0.287272036 -0.082749151 1.203020453
0.344698370 -0.028932728 0.743763745
-0.023057584 0.133128405 0.609954298
-0.047268227 0.118628167 0.641646981
-0.148265794 0.226569399 0.851269960
-0.190998077 0.210248396 0.861295581
0.115992233 0.205979526 0.495024264
-0.390536219 -0.038667258 1.192126632
-0.344090790 0.308626354 1.123562932
-0.272772968 0.296457499 0.968362510
0.095133997 0.022935869 0.724088252
-0.266600192 0.276593626 1.169443846
0.167978793 -0.016842043 0.759428680
0.157661527 0.175960585 0.566128016
-0.257919550 0.009230313 0.892138541
-0.607760787 -0.412334919 1.860186577
0.099231303 -0.039232839 0.813331485
0.220005751 0.164475515 0.539234161
0.042743538 0.034623988 0.711414099
0.306545496 0.074792653 0.605686724
0.128407791 0.216407254 0.481392652
0.135391816 0.192260697 0.517600477
0.242274255 0.130367503 0.578020930
0.199059650 0.203076050 0.501612484
0.236563936 0.180787981 0.535180569
0.170881093 0.194915846 0.526751578
0.023010381 0.047511492 0.701595485
-0.274783880 0.282847822 1.187988639
0.313235700 -0.083010726 0.821888626
-0.201450333 0.138883948 0.823532343
0.148477465 0.210598528 0.505989850
0.202044725 0.046756390 0.678332269
0.240835115 0.111960530 0.555563748
0.252249241 -0.121839106 0.829061091
0.184231043 0.165931270 0.546204627
-0.198350877 -0.338263243 1.268928409
-0.319662333 0.226903722 1.001367688
0.299728543 -0.110056095 0.859145164
0.169856176 0.159302548 0.541293025
-0.542067051 -0.330202341 1.632159233
-0.317217201 0.282580972 1.036546588
-0.003765499 0.169827551 0.561923146
0.149302647 0.212028280 0.514734805
-0.457360774 -0.185103998 1.362944245
0.345637053 -0.001167224 0.686081469
0.047034983 -0.019821208 0.783356369
-0.110076904 -0.358489305 1.252750754
-0.175702006 0.336592138 0.976557136
-0.007833222 0.189071283 0.590538383
0.285679728 0.014451784 0.683015347
-0.346844912 0.190049678 1.066612601
0.240933463 -0.129602998 0.872576416
-0.189138055 -0.048201364 0.966070712
-0.254079312 0.280467510 0.855389535
-0.168676451 0.116220601 0.743321598
0.057378929 0.136741191 0.591609180
-0.360261321 0.281197935 1.089984298
-0.025543492 0.104330607 0.676898241
0.104174703 -0.018641539 0.762456238
0.311925143 -0.082097754 0.815475285
0.148966134 0.212289184 0.516996503
-0.250229090 0.203940317 1.038851857
0.095924288 0.019173687 0.728326201
0.227420181 0.223092407 0.442946851
0.171441972 0.178344056 0.498623222
0.262909412 -0.028054236 0.716149092
0.309892744 0.072462261 0.627805591
0.104118057 0.213283494 0.491667360
0.229374871 -0.226033598 0.974106252
-0.306623846 0.248454377 1.224974155
0.215033278 -0.209150404 0.974910915
-0.161038280 0.079388723 0.659946501
0.249840543 -0.012842139 0.687028229
0.026092237 0.189045250 0.541066110
0.055392690 -0.035754476 0.772457361
0.198118165 -0.411124021 1.162814379
-0.002774707 -0.030188015 0.816538215
0.104109041 -0.420878202 1.265486956
0.213039845 0.121143363 0.540739357
0.275034368 0.029434318 0.689317524
-0.109235197 -0.368259132 1.279310465
-0.037085447 -0.360199034 1.233636975
0.209396407 -0.189273506 0.953446567
0.043661129 -0.020734604 0.786971211
-0.018801354 0.162307337 0.556094110
-0.165761083 -0.310405612 1.168653846
-0.198823661 0.148618624 0.828599870
0.265328467 0.145663694 0.577667713
0.285200655 0.025732599 0.676123440
0.322038919 -0.003386569 0.719860017
0.155625150 0.178723618 0.559733987
-0.068644866 -0.034560472 0.814021647
-0.201178476 -0.337523341 1.272242427
0.292536527 0.121186480 0.601850212
0.306922376 0.089998998 0.608785152
0.270144612 -0.023739437 0.755461037
-0.044817917 0.116181925 0.624340415
-0.181039840 -0.037786424 0.860296071
0.232363924 0.121696301 0.570081770
-0.130708754 -0.354529798 1.244503260
0.335267633 -0.098131247 0.822599649
0.242969826 0.198719218 0.489400953
0.356293172 0.029593615 0.690653205
0.310534030 -0.119569235 0.824040532
0.306529701 0.038888086 0.630735219
0.357706606 -0.044232193 0.763169408
-0.083807819 0.153042957 0.541544497
0.263982832 -0.036105152 0.720282614
-0.274305820 -0.459237188 1.457118630
0.352897018 -0.029237665 0.761180997
-0.180041537 -0.328202695 1.281646967
0.352934450 0.030744940 0.680368125
-0.179393172 -0.322777778 1.234270096
0.198644817 0.172087491 0.536114752
-0.133224294 0.113509163 0.615924656
0.322677761 -0.080546245 0.768638492
0.294074029 -0.052285682 0.745094180
0.046551913 -0.000931782 0.741466284
0.264522463 0.184620708 0.507300794
0.186226219 0.196688578 0.526949108
0.273915172 0.195526332 0.487562209
0.341835767 0.042014863 0.639017820
0.233043313 0.052987006 0.677687109
-0.326070726 -0.183757588 1.281273007
0.113001764 -0.053588562 0.798909605
0.263522893 -0.154570460 0.872383058
-0.316102654 0.070165195 1.122339964
0.158492759 0.182453901 0.585957944
0.095744096 -0.040817391 0.785031021
-0.251935899 -0.119577251 1.098055243
0.136492535 0.076931462 0.648906350
0.265044898 0.184963137 0.509010613
-0.391173214 -0.162698075 1.465580583
-0.292769402 -0.085592948 1.216096282
0.244071916 0.198568791 0.489886373
0.129198581 0.145500317 0.473827332
0.044315070 -0.402425140 1.305489540
0.146246135 0.143591359 0.497730225
0.052072328 0.088123828 0.645164788
0.180973902 0.170341343 0.611521065
0.243605703 -0.072555333 0.869582236
0.331393391 0.059013084 0.625844479
0.380932599 0.023952240 0.682260036
0.318571329 0.085098065 0.631755412
0.313335210 0.010933119 0.710130692
0.244575590 0.131535992 0.588242829
0.181571499 0.172934026 0.549201965
-0.027255025 0.159645230 0.566310287
0.122850060 0.176466331 0.532478452
0.061751798 0.051908758 0.719257951
0.253376216 -0.149552435 0.844544828
-0.306982249 0.203048036 1.224334955
0.307380974 0.012221008 0.691668332
0.385710090 0.011460835 0.718348980
0.267358333 -0.158199191 0.883786917
0.274049640 0.195270032 0.486676455
0.199668199 0.045973215 0.678269804
0.216110528 0.151971221 0.554866791
0.222578838 -0.103703961 0.836425066
-0.198508605 -0.029523529 0.862239480
0.297841817 -0.058527794 0.766667008
-0.052358471 0.124690756 0.396482825
-0.027799120 0.128069311 0.668234885
0.340232581 0.044862252 0.635232508
-0.339316636 0.277032077 1.171637893
-0.338333279 -0.193759248 1.302400351
0.270353407 -0.040324520 0.747979164
-0.326674759 -0.188549265 1.248874903
0.051620491 0.085560769 0.650443733
0.240778089 -0.135876030 0.874738812
0.060231909 -0.361741632 1.204057217
0.329755187 -0.001180943 0.641426921
0.093187578 0.011870664 0.750628889
0.353406638 -0.003014916 0.704077303
-0.009401400 -0.348520756 1.222215176
0.492534846 -0.184676006 0.944461763
-0.243457228 0.024439521 0.843053818
0.327028424 0.044588935 0.611073732
-0.230866998 0.008152343 0.822590113
0.147619978 -0.007432732 0.749665558
-0.018639145 0.164938852 0.564760029
-0.064350195 0.199474633 0.536629736
0.479517490 -0.138927981 0.822783947
0.238291278 0.182074055 0.539443493
-0.178859621 -0.030952508 0.816505253
0.365328312 -0.003386878 0.732418358
0.129604638 0.218863368 0.488696188
0.104201190 0.015848160 0.723987699
0.319318742 -0.078692138 0.758563876
0.314623773 0.149642810 0.543337643
-0.145830765 0.179985270 0.766446590
0.325592101 -0.093174309 0.797074437
0.325600088 -0.126920298 0.959799945
-0.148803815 0.123334780 0.678671777
-0.096427970 0.052196883 0.418372720
-0.342740655 0.306973666 1.225896478
-0.250747144 0.063847825 0.901125610
0.245661452 -0.139362291 0.857947588
-0.156135976 -0.359710842 1.279031157
0.132470503 0.018615410 0.709024310
0.041553427 -0.374674767 1.200062275
0.497754455 -0.187141597 0.957450092
-0.252424240 -0.008001639 0.899169326
0.007323694 -0.011298434 0.761135280
0.179845601 0.177493438 0.559512675
-0.257750422 0.145976231 1.074215174
-0.372602195 0.262167573 1.279171586
-0.004277272 -0.031736251 0.796479940
0.352512300 -0.030748511 0.758333325
0.281986952 0.016189996 0.670590580
0.215826094 -0.197136208 0.974086106
0.094125971 0.005175203 0.720974326
-0.361156166 -0.433246017 1.521182537
-0.135196954 -0.047039118 0.888684750
0.248529688 0.114051990 0.573195457
0.148543179 0.210499883 0.504870176
0.051332556 0.086136229 0.642636716
0.304537505 -0.180920750 1.082258224
-0.003838739 -0.030227063 0.797800660
0.024094740 0.048049513 0.704605341
-0.110761605 0.152583688 0.614197135
0.518797457 -0.132054240 0.850941837
0.129526824 0.184141159 0.514509499
0.185471892 -0.192741096 0.951673448
0.265975416 -0.039721072 0.737829924
0.130776569 0.223090783 0.503532410
0.052590415 0.002155686 0.748941958
-0.298409820 0.008636037 1.023737192
0.269365013 -0.036448296 0.835193515
0.332596540 -0.007026721 0.737221301
-0.255727500 0.171121836 1.025389314
0.049221016 0.001810913 0.749283433
0.228390008 0.225143120 0.447865069
-0.273409992 -0.422286898 1.429622054
0.132970095 0.073451340 0.626275480
0.254529864 0.112427093 0.578883886
-0.217656612 0.159751773 0.961305201
-0.317927927 0.080580071 1.140655994
-0.756426454 -0.261925429 2.418308258
-0.315322578 0.018566087 1.081847072
-0.251404911 0.026388418 0.862698197
-0.308383584 0.192460626 1.283033490
-0.227534071 0.014286451 0.779568195
0.042183451 -0.023656998 0.825938761
0.345478863 0.044455554 0.667896867
-0.015515286 0.104191318 0.638205349
0.053936765 -0.055596493 0.820107281
-0.002649967 -0.093089819 0.885988295
-0.265440851 0.143642828 1.090343952
0.227754518 -0.107520275 0.843441725
0.254178315 0.076523483 0.502807260
0.118902974 -0.051300682 0.820876956
0.096296027 0.067225046 0.671035767
0.084980026 0.004850666 0.692987144
0.297010958 -0.013624907 0.801765442
0.051709186 0.041310582 0.722444892
0.060490336 0.052078769 0.680567861
-0.240687847 0.088312671 0.918821752
0.331581324 -0.097082995 0.815610230
0.327382922 -0.013023675 0.739309907
-0.024837831 0.133462995 0.622795939
0.102368742 -0.077184111 0.835139811
-0.221263975 0.015551902 0.792485178
0.249713063 -0.064643063 0.773859620
0.004276017 0.154237151 0.582995594
0.236941189 0.055796526 0.670348585
0.343825310 0.045312822 0.638876498
0.293769568 0.120926708 0.607697248
0.001514264 -0.094089083 0.880392373
0.068817265 0.193331361 0.477280021
0.133023098 -0.114354074 0.850516617
-0.200370207 -0.341695160 1.282272577
-0.396315962 -0.408525109 1.482767105
-0.027189968 -0.021135611 0.793588519
0.241780147 -0.111525588 0.787466049
0.204192922 0.045912702 0.587875068
0.055860698 0.136727512 0.610424042
-0.252108455 -0.242155001 0.949603558
-0.221621081 -0.350919992 1.136521816
-0.004401516 -0.030632798 0.805341542
-0.180334345 -0.035759773 0.825966239
-0.131289482 -0.308353186 1.115621686
0.012985151 -0.008500538 0.764841676
-0.035207011 -0.076399647 0.854609489
-0.010572705 -0.000632441 0.751878798
0.011473767 -0.022541977 0.678725064
-1.744025350 -0.614216983 5.402727127
-0.026172541 -0.318970591 1.046791315
0.064150602 -0.127091676 0.937874913
-0.030009270 -0.093138874 0.947347462
0.135445222 0.192921013 0.523195446
0.275616467 0.118733115 0.605623484
-0.266645581 -0.198258564 1.102835417
0.308731437 -0.064045273 0.803648233
0.315214962 0.010436419 0.718758166
0.361442626 -0.047880571 0.781498551
-0.203842565 -0.033114780 0.874443293
0.041241087 0.034696937 0.704293430
-0.135762766 -0.364455312 1.279413939
0.058160581 -0.052876916 0.802331090
0.424235910 -0.210736215 0.950056911
0.345806628 0.075415879 0.661853373
0.003988848 0.181726888 0.546060026
-0.110461146 -0.361820459 1.260138750
0.304354399 0.074019291 0.607840121
0.272795796 0.118636854 0.595110774
0.323992699 0.153122127 0.566546500
0.121546909 0.201164201 0.515437603
0.338155121 0.034637637 0.725861549
0.303723514 0.071602635 0.606805682
0.343946099 0.016160563 0.846312225
0.289882928 0.085273050 0.563552618
0.088457085 0.328753293 0.860474348
0.087907247 0.019929545 0.295645148
0.093481496 0.283526242 0.761101842
0.202595830 0.175846517 0.548869073
0.258241117 -0.148321345 0.894473732
0.240877539 0.197041661 0.483106732
-0.178077504 -0.038561206 0.830890954
0.115677081 0.203046083 0.487639755
0.282835305 0.226466939 0.438824654
0.243022040 -0.128767326 0.876688361
-0.213293284 -0.657737255 1.650535703
0.000191423 -0.361697048 1.276958466
-0.252135426 -0.508510888 1.390320897
-1.123811126 0.159280598 3.090790272
-0.153479710 -0.369277537 1.301810145
0.050470769 -0.140680313 0.927796662
-0.268626630 -0.450264573 1.422740817
-0.257274061 -0.541435659 1.444562197
-0.025820466 -0.021220503 0.793250859
0.203611359 0.130966604 0.553605676
0.272951216 -0.029926714 0.789807498
0.211103022 -0.155049443 0.916508913
0.032866299 0.013511223 0.739738226
-0.068560578 -0.033724636 0.819332600
0.241807222 0.100511447 0.524130523
0.379494518 0.012813876 0.700052142
0.052937157 0.089143388 0.655205846
0.057423569 0.138619855 0.602188289
0.310515791 0.010845531 0.700424075
-0.131762609 -0.356688380 1.251638293
0.052040391 0.083415292 0.641180694
0.336711138 0.043949228 0.626220584
0.115316488 0.204458579 0.490607470
0.242415354 0.239219800 0.423987895
-0.027155567 -0.021871565 0.803094208
0.269524187 -0.023928151 0.750076354
-0.113832511 -0.367528260 1.289075136
0.202873483 0.144943923 0.589160919
-0.037463855 -0.359914571 1.235026956
0.496792942 -0.145824030 0.857686698
0.293264985 0.088962793 0.597331941
0.036858823 0.033290319 0.707495689
0.335284144 -0.133718699 0.902224481
0.170661554 0.164112911 0.546721756
-0.316859543 -0.085621543 0.952807426
0.197347969 -0.410757273 1.162401676
-0.192080706 -0.351992011 1.291580081
0.268188447 0.188208804 0.521687150
0.208427817 -0.155068949 0.911721945
-0.229556471 0.007484731 0.782359540
0.318375379 0.085053124 0.637627184
-0.379799813 -0.345966101 1.465524316
-0.011194748 0.000180846 0.760198057
0.132530063 0.021163182 0.710188568
0.204461679 0.189570785 0.690156877
0.213123351 -0.207828179 0.964946985
0.261349529 -0.017038057 0.719573498
0.038235158 0.015029514 0.753663242
0.044560786 -0.352004617 1.152854085
0.297596335 0.239503950 0.464157999
0.250107229 -0.131571829 0.902396023
0.346668959 0.008681403 0.666557670
0.286133319 0.229954630 0.444810212
-0.024182893 0.102025516 0.645877481
-0.399369210 -0.408283710 1.491599679
0.003179205 0.154612511 0.587552786
0.170115039 -0.140144736 0.785805285
-0.198746547 -0.032096438 0.869423211
0.057348382 0.138144150 0.616704702
-0.200890303 -0.451950699 1.419481874
0.096600205 0.017496001 0.737496316
-0.356117725 -0.357994229 1.275654197
-0.089971326 -0.334281027 1.230048418
0.090518385 0.012408863 0.729388595
0.270560086 -0.192249909 0.993377090
0.223950550 -0.226836354 0.958285928
-0.235371560 -0.372557104 1.216554999
-0.012029777 -0.093971610 0.507216394
0.100311041 -0.133662030 0.872127652
-1.237756729 0.065167382 3.384552240
-0.213210553 -0.659788489 1.647192001
0.272899956 0.110863738 0.592969656
0.241355166 -0.139489800 0.849735558
-0.017087083 -0.348823309 1.204421163
0.331593752 0.042514015 0.682203531
-0.237743586 0.024813848 0.798851371
0.281666338 -0.162960425 0.884665430
0.110062107 -0.074480161 0.875554860
0.226026967 -0.388516814 1.195644498
0.336642832 -0.206318885 0.929635346
0.214362919 -0.209761381 0.968022764
0.366349459 0.039081559 0.683220446
0.313274950 0.088000275 0.619868398
0.104326330 0.015357541 0.568897545
0.044971500 0.110111266 0.496519506
0.294166327 -0.019922603 0.865306139
0.509875476 -0.190781772 0.978881061
0.134140879 -0.045059618 0.908886313
-0.139016688 -0.407494873 1.013536692
-0.178169772 -0.408579409 1.060398221
-0.011335653 -0.002088339 0.733359158
-0.231471568 -0.189326361 0.784390390
0.004158760 -0.085342713 0.241806388
-0.139234260 -0.409808457 1.021509886
-0.223363265 -0.381599665 1.152035236
-0.143202931 -0.344886333 1.187693596
-0.224806264 -0.456124276 1.220351338
-0.360518903 -0.552205920 1.412245154
-0.216564968 -0.345112681 1.108258843
-0.332407326 -0.211932451 1.197426915
-0.002207430 -0.033091556 0.777225018
0.052474953 -0.113371931 0.776756108
-0.175342023 -0.296255887 1.087980151
0.096480779 0.011583453 0.735362291
-0.363778740 -0.475451082 1.649297476
0.093505695 0.280360311 0.749680221
-0.280835450 0.015031392 0.937287092
0.249429852 -0.140344888 0.880763769
-0.204439491 -0.339065373 1.285572886
0.051567469 -0.386576355 1.179167628
0.289119720 -0.355891317 1.062759757
-0.183187693 -0.106004320 0.774256706
-0.002213044 -0.033160213 0.785561919
-0.190441012 -0.100469343 0.821352243
-0.232990518 -0.173000827 0.932026148
0.133666277 -0.122083656 0.844929755
0.215388492 -0.435701579 1.253235698
-0.211128384 0.007374775 0.720880806
0.119521871 0.004583151 0.735973597
0.098799959 0.019680917 0.743859351
-0.107913196 -0.385460794 1.331337094
0.027051797 -0.103216961 0.874913335
0.085567594 -0.129648671 0.904318094
0.335887790 -0.122179829 0.882499516
0.345086604 -0.045094572 0.748416364
0.284754008 -0.163198858 0.894543171
-0.207967773 -0.076292276 0.637718379
-0.087139517 -0.090582751 0.340694785
-0.265371382 -0.144796625 0.982169986
0.145064890 0.233324200 0.449318647
0.397427827 0.036899842 0.730594873
0.134367242 0.167510822 0.529758632
0.147028223 0.179621786 0.580283344
0.273897767 0.195014000 0.486250043
-0.271937579 -0.153835773 1.154192209
0.217560664 0.153942406 0.554129899
0.284418762 -0.006195222 0.641371071
0.085944414 0.203411922 0.536373019
0.305864066 0.084014475 0.629192531
0.167555839 -0.183354378 0.920253158
-0.147362262 -0.365941793 1.294018865
-0.010801480 -0.341605932 1.197652936
0.233789518 -0.032085378 0.712409139
0.363883615 0.026914194 0.714602292
0.329591095 0.043129098 0.679495513
-0.292251468 -0.196648255 1.197787166
-0.186106756 -0.532410860 1.427587152
-0.255628645 -0.532831967 1.437407851
0.167764977 -0.183062032 0.927850246
0.244353056 -0.059435427 0.795745969
0.242813468 -0.057055876 0.789026201
-0.204085618 -0.200588733 0.779781163
0.165322810 -0.181474224 0.987603605
-0.003407408 -0.032669198 0.796007931
0.174035087 -0.032159664 0.580888033
0.189110219 -0.170539260 0.889232576
-0.522763908 0.368379265 2.270252943
-0.272539854 -0.177819893 1.141409993
-0.068425901 -0.036080994 0.836942255
-0.243661672 -0.124699049 1.060968876
0.120827742 -0.068984665 0.929037392
0.178348750 0.142749459 0.548605204
0.052770305 0.040202130 0.713097990
0.158704847 0.176411018 0.599138439
0.310689420 0.147889450 0.534844458
0.338868827 0.026493486 0.656520665
-0.024126092 0.134290710 0.618473470
-0.058460206 -0.069763646 0.814185917
0.316008806 -0.378022820 1.157114863
-0.230435103 -0.004533357 0.735826671
-0.037216816 -0.358184606 1.227298379
0.332340658 0.048413925 0.668068171
0.396124095 0.037152305 0.728808641
0.086575449 0.011419635 0.750414073
0.283267826 -0.006517367 0.773783088
0.264762610 -0.011982057 0.713310778
0.044818468 -0.020476306 0.778282821
0.180563048 -0.178766459 0.808954537
0.313397139 0.087085262 0.621484876
0.010202800 -0.009735812 0.765533328
0.044664249 0.109213755 0.491685331
0.092726290 0.065472402 0.643775046
0.394296914 0.024086960 0.726122022
-0.222077429 -0.006534252 0.761103928
-0.104526527 -0.363105267 1.260321379
-0.324194402 -0.381729484 1.319049239
0.268160999 -0.311276525 1.022381544
0.161950096 -0.179870352 0.915386260
-0.176112413 -0.556107581 1.365097880
0.003937490 -0.066092111 0.324338436
-0.263121158 0.009712555 0.838038266
-0.227878213 -0.248602062 0.840967178
-0.316015899 -0.373603880 1.270583630
-0.210826367 -0.125445366 0.887588143
0.352061629 -0.268630117 1.479901195
0.048916582 -0.005299217 0.707496822
0.140743360 -0.166870579 0.836198449
-0.241898790 -0.406206995 1.247476697
-0.101326652 -0.314496875 1.154325247
-0.209424704 -0.154955402 0.873709381
-0.212106273 -0.339262962 1.087341547
0.032700066 0.026924083 0.628594756
0.259943157 -0.011412872 0.724605739
0.231469437 -0.112376571 0.860596538
0.231282577 0.122120462 0.561634779
0.260284185 0.021146052 0.671950817
0.302023172 0.082677573 0.604052484
0.060039461 -0.138881594 0.938397169
0.270349205 -0.016795209 0.736566603
0.219521403 -0.103600301 0.829552829
0.388258278 0.036148731 0.710533321
0.196920648 0.222813651 0.470526099
0.310183406 0.090837099 0.629899561
0.159320593 -0.019932482 0.731221795
0.043805022 0.106443614 0.467449158
0.386515349 0.010421443 0.719415247
0.095631681 0.021393245 0.729438305
0.587070525 0.026369080 0.968802452
0.061561964 0.053307690 0.684883714
-0.108121194 -0.236470401 0.722379446
-0.425783664 -0.068376668 1.202515483
-0.185748816 -0.100604318 0.794192314
0.088398486 -0.130063325 0.833035767
-0.189006761 -0.406752646 1.042064190
0.077925324 -0.127926767 0.715865552
0.058149077 -0.115800373 0.885741949
-0.122129776 -0.258732766 1.107966304
-0.030951506 -0.076876171 0.845819592
0.058344282 -0.116890490 0.885402381
-0.168562114 -0.068409495 0.762318552
-0.123491913 -0.315543383 1.125676513
-0.094351590 -0.297309697 1.076478481
-0.201048255 -0.056527145 0.843943238
0.098620415 -0.039788868 0.813945413
-0.550506294 -0.125789165 1.665120482
-0.104906566 -0.311606914 1.129589677
-0.172357261 -0.040001653 0.790323496
0.311332524 0.173569545 0.507458329
0.303284794 0.035615001 0.567895532
-0.372925073 -0.438021272 1.521701932
0.205678120 -0.191471174 0.930626810
0.047423389 -0.403798312 1.291721821
-0.268917680 -0.220976844 1.045541167
-0.180286899 -0.332881063 1.296292424
0.045597233 -0.357367516 1.195695162
-0.138675377 -0.352803320 1.331051469
0.257198244 -0.029833570 0.758955538
0.230832726 -0.393651575 1.173128605
-0.188042000 -0.032770295 0.811382115
0.301311612 0.081548400 0.605817854
0.200717002 -0.172616974 0.952472329
-0.117277168 -0.336947203 1.245969415
0.142884120 -0.123070084 0.894496620
0.040018231 0.033733390 0.705685616
0.241242200 -0.234763443 1.021028519
0.332178712 0.070816763 0.616351008
0.225822836 0.268807590 0.968310058
0.312532514 0.051385354 0.605716884
0.306441933 0.071123965 0.617117822
0.402841598 0.035699219 0.607344210
-0.189921319 -0.088819467 0.819673896
0.087646656 -0.004443239 0.772427201
0.053277642 -0.396962494 1.222098351
0.127046719 0.009321755 0.772206485
-0.195487365 -0.593079507 1.341390014
-0.246830896 -0.169231713 0.987433076
0.057769381 -0.377527028 1.144560099
0.203336343 0.047135089 0.680930614
0.099365652 -0.040536273 0.806037247
0.201047853 0.045961075 0.674985528
0.178762287 0.144658312 0.553650320
-0.161724612 -0.298444420 1.126572371
0.248961955 0.040570579 0.502770960
0.056617010 -0.408365011 1.331050873
0.088816091 0.012185154 0.725340247
-0.169777155 -0.439093769 1.370280504
0.220605388 -0.178420812 0.897132218
0.355871230 -0.262736768 0.937042356
0.045468170 0.028957343 0.709230781
0.237139016 -0.214789763 0.961592913
0.099340603 -0.341597289 1.158657432
-0.250504464 -0.137893632 0.952221036
0.214541733 -0.155812144 0.930152118
0.259518802 -0.023271017 0.724506140
0.207112387 -0.154541641 0.901371360
-0.126952425 -0.332934111 1.247080445
0.094762623 -0.041773628 0.786619365
0.101756647 -0.039385259 0.816572428
0.042678148 -0.353977948 1.197942853
-0.150233611 -0.359687895 1.269767761
-0.033164803 -0.352922082 1.202033997
0.157740965 -0.177587539 0.917568505
0.042570695 -0.368029147 1.204014659
0.208005011 -0.187494829 0.941910267
-0.225282595 -0.004266055 0.782409549
0.051637609 0.038622912 0.715386569
-0.218548551 -0.074066736 0.960199416
0.159019396 -0.177265778 0.930187643
0.028700566 -0.107210688 0.694372594
-0.318710178 -0.469567180 1.296082497
-0.140621245 -0.326930225 1.228492975
0.110188290 -0.015122697 0.793914318
0.177971914 -0.177229002 0.824122250
0.025831569 -0.077214397 0.280989081
-0.140898302 -0.355213791 1.244471431
-0.109850302 -0.337640494 1.140477300
-0.017769942 -0.266191363 0.799587011
0.109126776 -0.137916207 0.814304292
-0.009871027 -0.366488189 1.201058626
0.011941715 -0.097851366 0.880092680
-0.015705414 -0.332537025 1.083772898
-0.010765108 0.001670484 0.751952708
-0.140827134 -0.316360891 1.186871171
-0.010692293 -0.088443972 0.871761501
0.075800367 -0.126232177 0.912324071
0.231811181 -0.393088281 1.155172825
0.102861024 -0.019352375 0.759998858
0.094224326 0.062312171 0.745427608
-0.307891786 -0.157104358 1.135820270
-0.118409559 -0.337112516 1.259319782
-0.107521892 -0.355247766 1.230460286
-0.185312673 -0.527649939 1.449267387
-0.101511411 -0.334200829 1.188699126
-0.013253408 -0.110263199 0.154223651
-0.205464259 -0.087692544 0.887683094
-0.041371353 -0.176493913 0.443956882
-0.194718793 -0.440251797 1.158068657
-0.274055690 -0.298715144 0.993010521
-0.002083910 -0.087086745 0.997965395
-0.134068951 -0.039832942 0.812550008
-0.598891795 0.018598825 1.905603647
-0.219493851 -0.352523088 1.128844380
-0.230319485 0.016547406 0.783797383
-0.066165835 -0.041118622 0.734719574
0.312021613 -0.376158744 1.141603351
-0.377754837 -0.384399354 1.382422805
-0.208642185 -0.175383270 0.825933576
-0.182508573 -0.032968089 0.790267050
-0.216349378 -0.104724459 0.855766594
0.064490080 -0.032492820 0.799975872
-0.187734500 -0.030806975 0.810452461
0.047212992 0.043687217 0.749659836
-0.237293094 -0.227456331 0.908854187
-0.171928838 -0.376742363 0.936971903
0.058573086 -0.034278896 0.780712843
-0.393342763 -0.392715871 1.431987762
-0.015669551 -0.440699369 1.281595349
-1.838783264 0.309936970 5.031969070
-0.013250031 -0.444757968 1.294928670
-1.623055696 -0.709231436 5.746318817
-0.109335929 -0.351980031 1.263729692
0.048599463 -0.003634630 0.720151126
-0.080869600 -0.237223819 0.744508922
-0.010172012 -0.365233988 1.228392839
-0.265756488 -0.242398769 1.015934110
0.150943160 -0.173278853 0.886981726
0.228999764 -0.059212275 0.761429012
0.236754432 -0.202887937 0.938158095
-0.228663206 -0.170852497 0.758016586
0.095294446 0.017443225 0.734910131
-0.306942075 -0.326096177 1.105376124
-1.477030873 -0.601399183 4.311106682
0.185386226 -0.190275446 0.920628965
-1.327983975 0.049472105 3.596466303
-0.851014674 0.159565732 2.765255690
0.054033902 -0.114054359 0.887249470
0.070100941 -0.022072181 0.655674815
0.187462330 -0.193180338 0.917821527
0.125037745 -0.119155683 0.811379671
0.169953123 0.024387697 0.781933308
-0.165278748 -0.041138116 0.759579480
0.055196460 -0.361321062 1.195927858
